[-4.1639403139055123e-05, -2.4495180761272834e-05, 0.1625335595164729]
[-0.004256785534519667, -0.0003364882581146882, -0.2647423405718503]
[0.0012034391309089613, -0.0002502675787050546, -0.267843097777347]
[0.012720691108006069, -1.9441124749404036e-05, -0.275220481606643]
[0.022163291420612505, -3.7829299682279135e-05, -0.27660393103686665]
[0.025301505292555728, -9.924765131533463e-05, -0.28700725749547085]
[0.035863037676069, -8.895306375618651e-05, -0.29395161699740957]
[0.04966087258873041, -0.00025327661912650807, -0.3078611031375041]
[0.04554976785073156, -0.0006579855852982331, -0.3340784527606983]
[0.04876500964628867, -0.0006730396433453609, -0.33832854409532587]
[0.08145095199085899, -7.361732609782491e-05, -0.36966432118484627]
[0.09380221480338934, -2.5858641450605586e-05, -0.3811166293167079]
[0.10096599442924628, -1.1911313908172744e-05, -0.38722890892595585]
[0.11479565413556674, -2.8697343522992977e-05, -0.39842011859476195]
[0.13117661846564402, -7.348517892652807e-05, -0.42050778667910776]
