264.0
-325.0
1741.0
1528.0
1722.0
1523.0
1738.0
1512.0
442.0
312.0
1932.0
1339.0
-284.0
1732.0
2104.0
1517.0
1520.0
1731.0
1326.0
1525.0
1529.0
1926.0
1525.0
1720.0
-95.0
1517.0
1516.0
2124.0
1685.0
1726.0
1525.0
1731.0
1732.0
1536.0
1725.0
1722.0
1928.0
1725.0
2118.0
1321.0
1308.0
1514.0
1540.0
1534.0
283.0
1726.0
1340.0
1310.0
937.0
1530.0
1537.0
1923.0
1719.0
1530.0
466.0
1728.0
1335.0
1929.0
416.0
1735.0
1321.0
1334.0
1521.0
287.0
1646.0
710.0
1725.0
1542.0
1526.0
1528.0
1499.0
1724.0
1744.0
1736.0
1720.0
1906.0
1725.0
1709.0
1731.0
1528.0
2130.0
1307.0
1542.0
214.0
1297.0
1521.0
1324.0
1542.0
392.0
1538.0
269.0
1722.0
1531.0
1534.0
1926.0
1516.0
1721.0
1329.0
1345.0
1702.0
