-418.0
-215.0
-491.0
128.0
-482.0
-492.0
-523.0
-98.0
-502.0
-201.0
-477.0
-44.0
-488.0
-432.0
-497.0
-12.0
-492.0
-477.0
-486.0
-235.0
-423.0
-473.0
-508.0
91.0
-488.0
-533.0
-476.0
-430.0
-505.0
-190.0
-548.0
195.0
-503.0
-503.0
-480.0
206.0
-562.0
-429.0
-519.0
-103.0
-502.0
-441.0
-406.0
-389.0
-478.0
-413.0
-502.0
88.0
-498.0
-491.0
-489.0
-181.0
-273.0
-458.0
-484.0
-395.0
-466.0
-292.0
-367.0
-24.0
-470.0
63.0
-482.0
116.0
-385.0
1109.0
-481.0
-486.0
-496.0
1119.0
-506.0
-493.0
-487.0
420.0
-474.0
-480.0
-492.0
-430.0
-393.0
-447.0
-541.0
-44.0
-485.0
-475.0
-542.0
261.0
-479.0
-511.0
-466.0
-144.0
-484.0
158.0
-520.0
-490.0
-480.0
-428.0
-470.0
-434.0
-486.0
-396.0
